image_width: 1280
image_height: 1024
camera_name: narrow_stereo
camera_matrix:
  rows: 3
  cols: 3
  data: [1223.96963,    0.     ,  654.63893,
            0.     , 1221.13932,  459.47879,
            0.     ,    0.     ,    1.     ]
distortion_model: plumb_bob
distortion_coefficients:
  rows: 1
  cols: 5
  data: [-0.379340, 0.173161, -0.000384, -0.000146, 0.000000]
rectification_matrix:
  rows: 3
  cols: 3
  data: [1., 0., 0.,
         0., 1., 0.,
         0., 0., 1.]
projection_matrix:
  rows: 3
  cols: 4
  data: [1086.85449,    0.     ,  657.58294,    0.     ,
            0.     , 1131.19141,  450.60757,    0.     ,
            0.     ,    0.     ,    1.     ,    0.     ]
